1765320644899 0.8261918417930603 1
1765320645176 0.8261920909881592 2
1765320645504 0.8261925832748414 3
1765320645668 0.8261919591903687 4
1765320645823 0.8261919587135315 5
1765320645980 0.8261924722671509 6
1765320646124 0.8261922142982483 7
1765320646298 0.8261929085731506 8
1765320646454 0.8261914890289307 9
1765320646604 0.8261940712928773 10
1765320646786 0.8261924736976624 11
1765320646934 0.8261921522140503 12
1765320647112 0.826191437625885 13
1765320647294 0.8261942713737488 14
1765320647438 0.8261902610778808 15
1765320647601 0.8261928473472595 16
1765320647746 0.8261933404922486 17
1765320647893 0.8261907136917114 18
1765320648045 0.8261952337265015 19
1765320648224 0.8261913590431214 20
1765320648377 0.82619153175354 21
1765320648525 0.8261922145843505 22
1765320648671 0.8261920942306519 23
1765320648842 0.8261931619644165 24
1765320648998 0.8261917663574219 25
1765320649140 0.8261922181129455 26
1765320649318 0.826192216682434 27
1765320649548 0.826191766166687 28
1765320649698 0.8261922447204589 29
1765320649916 0.8261918090820313 30
1765320650064 0.8261920040130615 31
1765320650217 0.8261934129714966 32
1765320650373 0.826193548297882 33
1765320650531 0.8261920717239379 34
1765320650708 0.8261915128707886 35
1765320650860 0.8261910926818847 36
1765320651010 0.8261933460235595 37
1765320651166 0.8261932367324829 38
1765320651329 0.8261918517112732 39
1765320651491 0.8261905530929565 40
1765320651895 0.8261926636695862 41
1765320652104 0.8261945439338684 42
1765320652312 0.8261919501304626 43
1765320652477 0.8261913949012757 44
1765320652645 0.82619178647995 45
1765320652787 0.8261925060272217 46
1765320652942 0.8261918227195739 47
1765320653098 0.8261924996376038 48
1765320653262 0.8261929894447326 49
1765320653420 0.8261918071746827 50
1765320653581 0.8261919635772705 51
1765320653792 0.8261920126914978 52
1765320654016 0.8261942268371582 53
1765320654163 0.8261923627853394 54
1765320654337 0.8261932963371277 55
1765320654487 0.8261917007446289 56
1765320654647 0.8261934643745422 57
1765320654798 0.8261929849624634 58
1765320654984 0.8261927917480468 59
1765320655136 0.8261927690505981 60
1765320655287 0.8261917362213135 61
1765320655437 0.826191107749939 62
1765320655584 0.8261935490608215 63
1765320655731 0.8261934741020203 64
1765320655884 0.8261912284851074 65
1765320656029 0.8261919965744019 66
1765320656234 0.8261921613693237 67
1765320656494 0.8261924614906311 68
1765320656828 0.8261914031982421 69
1765320657001 0.8261936106681824 70
1765320657194 0.8261924570083619 71
1765320657409 0.8261915456771851 72
1765320657604 0.8261924787521362 73
1765320658304 0.826192585849762 74
1765320658550 0.826194214630127 75
1765320658733 0.8261928831100463 76
1765320658917 0.8261930438995362 77
1765320659077 0.8261912916183471 78
1765320659275 0.826192300605774 79
1765320659606 0.8261928147315979 80
1765320659956 0.8261911555290222 81
1765320660357 0.8261942505836487 82
1765320660578 0.8261906523704529 83
1765320660739 0.826191377067566 84
1765320660913 0.8261951072692871 85
1765320661103 0.8261920295715331 86
1765320661333 0.8261908195495605 87
1765320661525 0.826192658996582 88
1765320661753 0.8261929724693299 89
1765320661920 0.8261934588432313 90
1765320662111 0.8261924249649047 91
1765320662349 0.8261910119056701 92
1765320662623 0.8261923482894897 93
1765320662794 0.8261938252449036 94
1765320663001 0.826191124534607 95
1765320664300 0.8261931279182434 96
1765320665201 0.8261920952796936 97
1765320666628 0.8261931557655334 98
1765320668788 0.8261916044235229 99
1765320670073 0.8261920434951783 100
1765320670263 0.8261933936119079 101
1765320670518 0.8261923585891724 102
1765320670737 0.8261915259361267 103
1765320671041 0.8261937002182007 104
1765320671264 0.8261919112205506 105
1765320671460 0.8261929090499878 106
1765320671682 0.8261896793365479 107
1765320672552 0.8261945671081543 108
1765320673365 0.826190968990326 109
1765320673925 0.8261927368164063 110
1765320674267 0.8261927186965943 111
1765320674602 0.826192235660553 112
1765320674845 0.8261906547546387 113
1765320675050 0.8261936232566833 114
1765320675215 0.8261907664299011 115
1765320675384 0.8261935068130493 116
1765320675572 0.8261917101860047 117
1765320675748 0.8261934331893921 118
1765320675908 0.8261920227050781 119
1765320676063 0.8261920715332032 120
1765320678507 0.8261913715362549 121
1765320681088 0.8261937878608704 122
1765320683997 0.8261922633171082 123
1765320685202 0.8261918509483337 124
1765320687801 0.82619189453125 125
1765320691285 0.8261940742492676 126
1765320693914 0.8261913384437561 127
1765320696852 0.8261924367904663 128
1765320699569 0.8261924065589905 129
1765320702941 0.8261920888900757 130
1765320704666 0.8261916410446167 131
1765320706028 0.8261947115898133 132
1765320708327 0.8261904352188111 133
1765320711209 0.8261933944702149 134
1765320713603 0.8261915851593018 135
1765320715743 0.8261939539909363 136
1765320717927 0.8261930102348327 137
1765320720116 0.8261924402236939 138
1765320721399 0.8261925261497498 139
1765320721590 0.8261906008720398 140
1765320721825 0.8261941022872925 141
1765320721975 0.8261911853790284 142
1765320722208 0.8261915875434875 143
1765320722362 0.8261921714782715 144
1765320722590 0.8261937521934509 145
1765320722834 0.8261914311408997 146
1765320723086 0.8261936429977417 147
1765320723254 0.8261907465934754 148
1765320723422 0.8261934014320373 149
1765320723608 0.826191157913208 150
1765320723760 0.8261924347877503 151
1765320723907 0.8261914621353149 152
1765320724101 0.8261932661056518 153
1765320724354 0.8261926161766052 154
1765320724760 0.8261921025276184 155
1765320725004 0.8261939451217651 156
1765320725461 0.8261896502494812 157
1765320725649 0.8261927870750427 158
1765320725807 0.8261911630630493 159
1765320725981 0.8261930108070373 160
1765320726176 0.8261924414634705 161
1765320726376 0.8261926887512206 162
1765320726549 0.8261927330970764 163
1765320726722 0.826192576599121 164
1765320726894 0.8261906924247742 165
1765320727044 0.8261937092781066 166
1765320727218 0.8261929182052612 167
1765320727438 0.8261925811767579 168
1765320727650 0.8261907367706299 169
1765320727920 0.8261916379928589 170
1765320728145 0.8261931413650513 171
1765320728409 0.8261924462318421 172
1765320728671 0.8261931584358215 173
1765320728883 0.8261918177604676 174
1765320729127 0.8261928586006164 175
1765320729302 0.8261922293663025 176
1765320729467 0.8261920292854309 177
1765320729640 0.8261910967826843 178
1765320729794 0.8261929940223693 179
1765320729960 0.8261922760009766 180
1765320730147 0.8261940751075745 181
1765320730318 0.8261917574882507 182
1765320730489 0.8261918833732605 183
1765320730808 0.8261927324295044 184
1765320731042 0.8261925576210022 185
1765320731350 0.826192695426941 186
1765320731518 0.8261901600837708 187
1765320732058 0.8261940919876098 188
1765320732916 0.8261921410560608 189
1765320733223 0.8261925822257996 190
1765320733504 0.8261932980537414 191
1765320733762 0.8261915526390076 192
1765320734001 0.8261912438392639 193
1765320734296 0.8261935227394104 194
1765320734587 0.826192145729065 195
1765320735134 0.8261916034698487 196
1765320735375 0.8261931371688843 197
1765320735617 0.8261909788131714 198
1765320735855 0.8261916377067566 199
1765320736091 0.8261935373306274 200
