1765318476504 0.826192700099945 1
1765318476990 0.8261931653976441 2
1765318477706 0.8261917251586914 3
1765318478002 0.8261922976493835 4
1765318478273 0.8261923062324524 5
1765318478680 0.826192828464508 6
1765318479190 0.8261918822288513 7
1765318479540 0.8261929584503174 8
1765318479789 0.8261921738624572 9
1765318480104 0.8261923887252808 10
1765318480872 0.8261923696517944 11
1765318481190 0.8261931818008423 12
1765318481480 0.8261923878669739 13
1765318481737 0.8261914852142334 14
1765318482009 0.8261935660362244 15
1765318482413 0.8261910037040711 16
1765318482681 0.8261933218955994 17
1765318482975 0.8261928339004516 18
1765318483248 0.8261921683311463 19
1765318483609 0.8261924250602722 20
1765318483860 0.8261913789749146 21
1765318484097 0.8261927985191345 22
1765318484377 0.8261939348220825 23
1765318484621 0.8261915342330932 24
1765318484893 0.8261929136276245 25
1765318485137 0.8261920755386353 26
1765318485361 0.8261914760589599 27
1765318485607 0.8261931223869323 28
1765318485844 0.8261935095787049 29
1765318486079 0.8261919446945191 30
