1765322496943 0.9042126334190369 1
1765322497483 0.4268931253910065 2
1765322497736 0.37637390832901 3
1765322498008 0.3417920980453491 4
1765322498221 0.3244905911922455 5
1765322498457 0.31616735076904295 6
1765322498695 0.3122933126449585 7
1765322498925 0.3099980295658112 8
1765322499126 0.3083553618907928 9
1765322499344 0.30707134928703306 10
1765322499564 0.30606036033630374 11
1765322499781 0.30538264875411986 12
1765322499999 0.30437999219894407 13
1765322500234 0.30329496273994444 14
1765322500437 0.30248399856090546 15
1765322500653 0.3014567509174347 16
1765322500899 0.30025462942123415 17
1765322501144 0.2989525963306427 18
1765322501360 0.29775464973449706 19
1765322501569 0.2957065875530243 20
1765322501784 0.29354336977005 21
1765322501983 0.2916364222288132 22
1765322502216 0.2894088698387146 23
1765322502443 0.28706603055000307 24
1765322502648 0.28437655141353607 25
1765322502874 0.2815081326007843 26
1765322503109 0.2784585918188095 27
1765322503317 0.27551880338191986 28
1765322503533 0.2714252163410187 29
1765322503748 0.26764678547382353 30
