1765320561913 0.8261927507400513 1
1765320562101 0.8261934668540954 2
1765320562306 0.826190901851654 3
1765320562558 0.8261927572250366 4
1765320562739 0.8261922572135926 5
1765320562959 0.8261929574012756 6
1765320563128 0.8261919423103332 7
1765320563453 0.826193072795868 8
1765320563676 0.8261921786308288 9
1765320563860 0.8261922934532165 10
1765320564020 0.8261921299934387 11
1765320564171 0.8261938491821289 12
1765320564327 0.8261920665740967 13
1765320564487 0.8261913442611695 14
1765320564684 0.8261938833236694 15
1765320564993 0.8261909029006959 16
1765320565193 0.8261934661865235 17
1765320565366 0.8261926714897155 18
1765320565560 0.8261923900604248 19
1765320565770 0.8261921670913697 20
1765320565957 0.8261913186073303 21
1765320566117 0.8261926219940186 22
1765320566293 0.8261947338104249 23
1765320566459 0.8261911524772644 24
1765320566777 0.8261929494857788 25
1765320566946 0.8261922196388245 26
1765320567097 0.8261915707588195 27
1765320567250 0.8261931836128235 28
1765320567402 0.8261940958023072 29
1765320567670 0.8261917361259461 30
1765320567926 0.826192749595642 31
1765320568153 0.8261918657302857 32
1765320568360 0.8261932277679443 33
1765320568650 0.8261918438911438 34
1765320568823 0.8261927405357361 35
1765320569855 0.82619329996109 36
1765320570224 0.8261924764633178 37
1765320570397 0.826191206073761 38
1765320570555 0.8261922876358032 39
1765320570818 0.8261934705734253 40
1765320570998 0.826190793800354 41
1765320571220 0.8261937201499939 42
1765320571374 0.8261906461715698 43
1765320571531 0.8261932797431946 44
1765320571687 0.8261929688453674 45
1765320571828 0.8261917609214783 46
1765320571979 0.8261928800582886 47
1765320572125 0.8261921466827392 48
1765320572280 0.8261919702529907 49
1765320572460 0.8261914234161377 50
1765320572626 0.8261939817428589 51
1765320572796 0.8261921154975891 52
1765320572961 0.8261930820465088 53
1765320573142 0.8261930605888367 54
1765320573299 0.826191585445404 55
1765320573445 0.8261927974700928 56
1765320573610 0.8261937190055847 57
1765320573797 0.8261915026664733 58
1765320574042 0.8261920004844665 59
1765320574203 0.8261935953140259 60
1765320574376 0.8261924252510071 61
1765320574709 0.8261913665771484 62
1765320575075 0.8261925023078919 63
1765320575234 0.8261920327186585 64
1765320575458 0.8261923537254333 65
1765320575632 0.8261932942390442 66
1765320575796 0.8261910267829895 67
1765320575952 0.8261927192687988 68
1765320576105 0.826192499256134 69
1765320576261 0.8261928958892822 70
1765320576416 0.8261921221733093 71
1765320576604 0.8261918863296509 72
1765320576763 0.8261923095703125 73
1765320576943 0.8261919672966004 74
1765320577111 0.8261937302589416 75
1765320577292 0.8261928092956543 76
1765320577447 0.8261916524887085 77
1765320577610 0.8261927765846252 78
1765320577752 0.8261911895751953 79
1765320577895 0.8261935421943665 80
1765320578066 0.8261920914649964 81
1765320578248 0.8261934392929077 82
1765320578404 0.8261923785209656 83
1765320578557 0.8261912928581238 84
1765320578721 0.8261924194335938 85
1765320578870 0.8261930279731751 86
1765320579021 0.8261919960021973 87
1765320579163 0.8261929996490478 88
1765320579331 0.8261928534507752 89
1765320579519 0.8261921126365661 90
1765320579666 0.8261913823127747 91
1765320579813 0.826193816280365 92
1765320579953 0.8261906029701233 93
1765320580097 0.8261935130119323 94
1765320580242 0.8261913139343262 95
1765320580386 0.8261920913696289 96
1765320580543 0.8261925365447998 97
1765320580693 0.8261929336547852 98
1765320580840 0.8261924758911133 99
1765320581017 0.8261926787376404 100
