1765323223307 0.26452929434776307 1
1765323223587 0.2612805680513382 2
1765323223796 0.25787236099243166 3
1765323224005 0.2554705798149109 4
1765323224186 0.2530495435714722 5
1765323224350 0.2512895131587982 6
1765323224516 0.24887132165431977 7
1765323224657 0.2472040202856064 8
1765323224816 0.2458822102546692 9
1765323224959 0.24438368504047395 10
1765323225107 0.24310958552360534 11
1765323225264 0.2421485333442688 12
1765323225414 0.24115826811790467 13
1765323225590 0.24039431478977202 14
1765323225735 0.23946175100803374 15
1765323225887 0.23861871790885925 16
1765323226024 0.2382434367418289 17
1765323226157 0.2374784368276596 18
1765323226299 0.23699502623081206 19
1765323226458 0.2367131332397461 20
1765323226591 0.2359800123691559 21
1765323226724 0.2352913474082947 22
1765323226887 0.23484200558662416 23
1765323227027 0.23493441467285156 24
1765323227177 0.23413053593635558 25
1765323227313 0.23369758384227754 26
1765323227487 0.23355375719070434 27
1765323227648 0.23298865485191345 28
1765323227839 0.2327760006904602 29
1765323228046 0.23271762084960937 30
1765323228188 0.23207036199569703 31
1765323228329 0.23173870820999146 32
1765323228464 0.2315613431930542 33
1765323228598 0.23124044630527496 34
1765323228762 0.2308838632106781 35
1765323228903 0.23057380003929137 36
1765323229039 0.23020905413627624 37
1765323229186 0.2302603026866913 38
1765323229352 0.23038488342761992 39
1765323229507 0.2300056058883667 40
1765323229756 0.22944315247535704 41
1765323229927 0.22972083880901337 42
1765323230070 0.22942247262001036 43
1765323230215 0.2287105333328247 44
1765323230396 0.22956655361652376 45
1765323230600 0.2286144594192505 46
1765323230752 0.22828258941173554 47
1765323230922 0.22835386037826538 48
1765323231094 0.22832316038608552 49
1765323231238 0.22802729597091675 50
1765323231438 0.22787547578811645 51
1765323231649 0.2281480653524399 52
1765323231857 0.22785290757417678 53
1765323232191 0.22775914554595947 54
1765323232420 0.22747046043872834 55
1765323232624 0.22745694370269776 56
1765323232867 0.22691566276550293 57
1765323233235 0.22704764260053634 58
1765323233533 0.22686950929164887 59
1765323233724 0.22696361167430879 60
